((("session" .
   [1 0 0 0 0 0 0])
  ("hook" .
   [1 0 0 0])
  ("add" .
   [1 0 0])
  ("desktop-read" .
   [0 0 0 0 1 1 0 0 0 0 0 0])
  ("desktop-load-default" .
   [0 0 0 0 0 0 0 0 0 0 1 0 0 0 0 0 0 0 0 0])
  ("load" .
   [1 0 0 1])
  ("14px" .
   [1 0 0 0])
  ("rand" .
   [1 0 0 0])
  ("$sex" .
   [2 0 1 0])
  ("doLoginAction" .
   [0 0 0 0 1 0 0 0 0 0 0 0 0])
  ("url" .
   [2 0 0])
  ("post" .
   [2 0 0 0])
  ("curl" .
   [2 0 0 0])
  ("unsigned" .
   [0 0 0 0 0 0 1 0])
  ("printf" .
   [3 0 0 0 0 0])
  ("void" .
   [1 0 0 0])
  ("int" .
   [6 0 0])
  ("$url" .
   [0 0 0 1])
  ("getURL" .
   [1 0 0 0 0 0])
  ("RewriteHelper" .
   [0 0 1 0 0 0 0 0 0 0 0 0 0])
  ("$recvuserinfo" .
   [0 0 0 0 0 0 0 1 0 0 0 0 0])
  ("$reply" .
   [1 0 0 0 0 1])
  ("$record" .
   [1 0 0 0 0 0 0])
  ("one" .
   [1 0 0])
  ("$message" .
   [2 0 0 0 0 0 0 2])
  ("$info" .
   [7 0 0 0 1])
  ("isset" .
   [2 0 0 1 0])
  ("empty" .
   [1 0 0 1 0])
  ("listUserInfo" .
   [0 0 0 0 0 0 1 0 0 0 0 1])
  ("User_Basic" .
   [0 0 0 0 0 0 4 1 0 0])
  ("$cglist" .
   [0 0 0 3 0 0 0])
  ("addCloudFans" .
   [0 0 0 0 0 0 1 0 0 0 0 0])
  ("AddLike" .
   [1 0 0 0 0 0 0])
  ("20" .
   [1 0])
  ("10" .
   [2 0])
  ("$i" .
   [13 0])
  ("for" .
   [3 0 0])
  ("$uids" .
   [2 0 0 0 1])
  ("fetch" .
   [0 0 0 0 1])
  ("$html" .
   [3 0 0 0 0])
  ("$rst" .
   [2 0 0 0])
  ("listJoinCloud" .
   [0 0 0 0 0 2 0 0 0 0 0 0 0])
  ("cloud_group_list" .
   [0 0 0 0 0 0 1 0 0 0 0 0 0 0 0 0])
  ("case" .
   [1 0 0 0])
  ("$cloudlike" .
   [0 0 0 0 0 0 0 0 0 1])
  ("delCloudFans" .
   [0 0 0 0 0 1 0 0 0 0 0 0])
  ("$_NEW_MSG_NOTICE_RES_" .
   [0 0 0 0 0 0 0 0 0 0 0 0 0 0 0 0 0 1 0 0 0])
  ("reply" .
   [1 0 0 0 0])
  ("$type" .
   [1 0 0 0 0])
  ("$params" .
   [1 0 0 0 0 0 1])
  ("urldecode" .
   [0 0 0 0 0 1 0 0 0])
  ("$_POST" .
   [0 0 1 0 0 0])
  ("urlencode" .
   [0 0 0 1 0 2 0 0 1])
  ("trans" .
   [2 0 0 0 0])
  ("UserInfoHelper" .
   [0 0 0 0 0 0 1 0 0 0 2 0 0 2])
  ("$userinfo" .
   [10 0 0 0 0 0 0 5 7])
  ("countVisit" .
   [1 0 0 0 0 0 0 0 0 0])
  ("assign" .
   [4 0 0 0 0 0])
  ("smarty" .
   [0 0 0 0 1 4])
  ("s" .
   [1])
  ("172800" .
   [1 0 0 0 0 0])
  ("else" .
   [4 0 0 0])
  ("l" .
   [1])
  ("1" .
   [2])
  ("strtotime" .
   [2 0 0 0 0 0 0 0 0])
  ("$date" .
   [3 0 0 0 0])
  ("ARRV" .
   [5 0 0 0])
  ("a" .
   [2])
  ("$now" .
   [1 0 0 0])
  ("$add" .
   [2 0 0 0])
  ("private" .
   [2 0 0 0 2 1 1])
  ("time" .
   [11 0 0 0])
  ("$time" .
   [3 0 0 0 0])
  ("date" .
   [2 0 0 0])
  ("86400" .
   [2 0 0 0 0])
  ("INTO" .
   [1 0 0 0])
  ("$delta" .
   [3 0 0 0 5 3])
  ("if" .
   [13 0])
  ("switch" .
   [0 0 0 1 0 0])
  ("strpos" .
   [0 0 0 0 1 1])
  ("false" .
   [4 0 0 0 0])
  ("true" .
   [5 0 0 0])
  ("print_r" .
   [10 0 0 0 0 0 0])
  ("140109" .
   [2 0 0 0 0 0])
  ("getVisitPrev" .
   [0 0 0 0 0 0 0 0 0 1 0 0])
  ("$diff" .
   [1 0 0 0 0])
  ("save" .
   [1 0 0 0])
  ("parent" .
   [2 0 0 0 0 0])
  ("$prev" .
   [1 0 0 0 1])
  ("$total" .
   [1 0 0 0 0 2])
  ("intval" .
   [8 0 0 0 0 1])
  ("self" .
   [8 0 0 1])
  ("$ret" .
   [23 0 0 4])
  ("$uid" .
   [10 0 0 1])
  ("static" .
   [1 0 0 0 0 2])
  ("return" .
   [10 0 0 0 0 0])
  ("array" .
   [24 0 0 0 0])
  ("json_encode" .
   [1 0 0 0 0 0 1 1 0 0 3])
  ("uid" .
   [9 0 0])
  ("getVisitCount" .
   [0 0 0 0 0 1 0 0 0 0 0 0 1])
  ("CountDao" .
   [0 0 0 0 0 0 0 2])
  ("$count" .
   [6 0 0 0 0 2])
  ("$req" .
   [1 0 0 0])
  ("$recvuid" .
   [1 0 0 0 0 0 0 4])
  ("$this" .
   [25 0 0 0 0])
  ("buy" .
   [1 0 0])
  ("BuyInfoDao" .
   [0 0 0 1 0 0 0 0 0 0])
  ("c" .
   [1])
  ("exit" .
   [20 0 0 0])
  ("function" .
   [1 0 0 2 2 1 0 16])
  ("kqfun" .
   [3 0 0 0 0])
  ("echo" .
   [11 0 0 0])
  ("public" .
   [2 0 0 0 0 16])
  ("callbak" .
   [0 0 0 0 1 0 0])
  ("getModule" .
   [1 0 0 0 0 0 0 0 0])
  ("getAction" .
   [1 0 0 0 0 0 0 0 0])
  ("$page" .
   [1 0 0 0 0])
  ("$pageHtml" .
   [1 0 0 0 0 0 0 0 0])
  ("$users" .
   [5 0 0 0 0 1])
  ("mutual" .
   [2 0 0 0 0 0])
  ("$list" .
   [5 0 0 0 0])
  ("User_Fans" .
   [0 0 0 0 0 0 1 1 4])
  ("listMutualLike" .
   [0 0 0 0 0 0 1 0 0 0 0 0 0 0])
  ("$user" .
   [1 0 0 0 4])
  ("addFans" .
   [0 0 0 0 1 0 0])
  ("php" .
   [4 0 0])
  ("no" .
   [1 0])
  ("exist" .
   [1 0 0 0 0])
  ("$gender" .
   [2 0 0 0 3 0 0])
  ("$gext" .
   [3 0 0 0 2])
  ("strlen" .
   [1 0 0 0 0 0])
  ("trim" .
   [1 0 0 0])
  ("class" .
   [2 0 0 0 0])
  ("extends" .
   [0 0 0 1 0 0 0])
  ("GET" .
   [3 0 0])
  ("$size" .
   [1 0 0 0 0])
  ("getUserInfo" .
   [0 0 0 0 0 0 0 1 0 0 2])
  ("range" .
   [1 0 0 0 0])
  ("microtime" .
   [1 0 0 0 0 1 0 0 0])
  ("50" .
   [3 0])
  ("$t2" .
   [1 0 0])
  ("$t1" .
   [1 0 0])
  ("140417" .
   [1 0 0 0 0 0])
  ("$file" .
   [4 0 0 0 0])
  ("home" .
   [3 0 0 0])
  ("data" .
   [1 0 0 0])
  ("space" .
   [2 0 0 0 0])
  ("w" .
   [1])
  ("t" .
   [3])
  ("$fp" .
   [3 0 0])
  ("fopen" .
   [1 0 0 0 0])
  ("fwrite" .
   [0 0 1 0 0 0])
  ("fclose" .
   [0 0 0 0 1 0])
  ("foreach" .
   [0 0 0 0 0 1 2])
  ("as" .
   [3 0])
  ("$val" .
   [2 0 0 1])
  ("$userattr" .
   [1 0 0 0 0 0 0 3 0])
  ("get" .
   [2 0 0])
  ("$keys" .
   [2 0 0 0 4])
  ("$k" .
   [4 0])
  ("$self" .
   [0 0 0 0 1])
  ("User_Top" .
   [0 0 1 0 0 0 0 0])
  ("keys" .
   [1 0 0 0])
  ("$skey" .
   [0 0 0 1 0])
  ("display" .
   [0 0 0 0 0 0 1])
  ("$recv" .
   [2 0 0 0 0])
  ("isDisplay" .
   [0 0 0 0 1 0 0 0 0])
  ("doSinfoAction" .
   [0 0 1 0 0 0 0 0 0 0 0 0 0])
  ("r" .
   [1])
  ("$id" .
   [3 0 0])
  ("$nickname" .
   [2 0 0 1 0 0 0 0 0])
  ("$" .
   [2])
  ("id" .
   [1 0])
  ("nickname" .
   [1 0 1 0 0 0 0 0])
  ("Log" .
   [0 0 1])
  ("100" .
   [3 0 0])
  ("i" .
   [1])
  ("$rand" .
   [1 0 0 0 0])
  ("main" .
   [1 0 0 0])
  ("task" .
   [1 0 0 1])
  ("sprintf" .
   [1 0 0 0 0 0 0])
  ("nextaction" .
   [0 0 0 0 1 0 0 0 0 0])
  ("setNextat" .
   [0 0 0 0 0 1 0 0 0])
  ("Robot" .
   [0 0 1 0 0])
  ("setId" .
   [1 0 0 0 0])
  ("$robot" .
   [0 0 0 0 0 1])
  ("setNickname" .
   [0 0 0 0 0 1 0 0 0 0 0])
  ("while" .
   [1 0 0 0 0])
  ("$robots" .
   [0 0 0 0 0 1 0])
  ("$bot" .
   [1 0 0 0])
  ("include_once" .
   [0 0 0 0 0 1 0 0 0 0 0 0])
  ("$data" .
   [1 0 0 0 0])
  ("m" .
   [1])
  ("add-hook" .
   [0 0 0 0 0 0 0 1])
  ("kill-emacs-hook" .
   [0 0 0 0 0 0 0 0 0 0 0 1 0 0 0])
  ("lambda" .
   [0 0 0 0 1 0])
  ("desktop-save" .
   [0 0 0 0 0 0 0 0 0 0 0 1])
  ("~/" .
   [1 0])
  ("~/.emacs.d/" .
   [0 0 0 0 0 0 1 0 0 0 0])
  ("~/.emacs.d/init.el" .
   [0 0 0 0 0 0 0 0 0 0 0 0 0 0 0 0 0 1])))
